3.0000000000
3.0200000000
3.0400000000
3.0600000000
3.0800000000
3.1000000000
3.1200000000
3.1400000000
3.1600000000
3.1800000000
3.2000000000
3.2200000000
3.2400000000
3.2600000000
3.2800000000
3.3000000000
3.3200000000
3.3400000000
3.3600000000
3.3800000000
3.4000000000
3.4200000000
3.4400000000
3.4600000000
3.4800000000
3.5000000000
3.5200000000
3.5400000000
3.5600000000
3.5800000000
3.6000000000
3.6200000000
3.6400000000
3.6600000000
3.6800000000
3.7000000000
3.7200000000
3.7400000000
3.7600000000
3.7800000000
3.8000000000
3.8200000000
3.8400000000
3.8600000000
3.8800000000
3.9000000000
3.9200000000
3.9400000000
3.9600000000
3.9800000000
4.0000000000
4.0200000000
4.0400000000
4.0600000000
4.0800000000
4.1000000000
4.1200000000
4.1400000000
4.1600000000
4.1800000000
4.2000000000
4.2200000000
4.2400000000
4.2600000000
4.2800000000
4.3000000000
4.3200000000
4.3400000000
4.3600000000
4.3800000000
4.4000000000
4.4200000000
4.4400000000
4.4600000000
4.4800000000
ans: 75
